0.707	1.33
0.707	1.33
0.705	1.329
0.704	1.325
0.704	1.326
0.703	1.324
0.703	1.324
0.704	1.325
0.705	1.327
0.704	1.324
0.704	1.324
0.705	1.325
0.704	1.323
0.704	1.326
0.704	1.326
0.704	1.326
0.702	1.324
0.704	1.327
0.705	1.327
0.705	1.327
0.707	1.33
0.708	1.333
0.706	1.33
0.706	1.328
0.706	1.328
0.706	1.327
0.706	1.326
0.706	1.327
0.705	1.324
0.705	1.324
0.703	1.322
0.705	1.329
0.706	1.328
0.706	1.328
0.706	1.329
0.708	1.334
0.707	1.33
0.708	1.331
0.708	1.331
0.709	1.333
0.707	1.329
0.707	1.328
0.707	1.328
0.707	1.329
0.706	1.327
0.708	1.33
0.709	1.332
0.709	1.332
0.707	1.329
0.71	1.334
0.71	1.332
0.71	1.332
0.709	1.331
0.711	1.334
0.711	1.329
0.715	1.326
0.715	1.326
0.723	1.319
0.734	1.307
0.748	1.294
0.761	1.279
0.761	1.279
0.773	1.265
0.786	1.253
0.798	1.24
0.798	1.24
0.81	1.226
0.825	1.217
0.84	1.209
0.854	1.198
0.854	1.198
0.868	1.189
0.88	1.176
0.891	1.163
0.891	1.163
0.905	1.153
0.919	1.143
0.933	1.129
0.947	1.117
0.947	1.117
0.96	1.103
0.973	1.09
0.987	1.08
0.987	1.08
1.001	1.068
1.015	1.058
1.029	1.047
1.042	1.031
1.042	1.031
1.054	1.012
1.067	1.002
1.08	0.993
1.096	0.989
1.096	0.989
1.11	0.987
1.122	0.974
1.134	0.96
1.134	0.96
1.145	0.949
1.158	0.937
1.173	0.926
1.187	0.916
1.187	0.916
1.198	0.899
1.207	0.879
1.219	0.866
1.219	0.866
1.23	0.849
1.241	0.833
1.252	0.82
1.259	0.798
1.259	0.798
1.268	0.779
1.281	0.767
1.29	0.75
1.29	0.75
1.3	0.736
1.329	0.75
1.349	0.749
1.368	0.749
1.368	0.749
1.388	0.745
1.384	0.71
1.386	0.685
1.386	0.685
1.394	0.662
1.404	0.646
1.416	0.633
1.432	0.622
1.432	0.622
1.44	0.611
1.447	0.596
1.455	0.585
1.462	0.574
1.462	0.574
1.474	0.56
1.486	0.547
1.497	0.535
1.497	0.535
1.507	0.519
1.518	0.506
1.529	0.493
1.541	0.478
1.541	0.478
1.555	0.469
1.567	0.457
1.58	0.445
1.58	0.445
1.592	0.433
1.602	0.418
1.613	0.404
1.625	0.392
1.625	0.392
1.636	0.378
1.649	0.368
1.66	0.355
1.66	0.355
1.671	0.344
1.683	0.332
1.693	0.317
1.705	0.305
1.705	0.305
1.718	0.293
1.729	0.28
1.741	0.268
1.755	0.258
1.755	0.258
1.767	0.245
1.778	0.232
1.791	0.222
1.791	0.222
1.802	0.208
1.814	0.199
1.825	0.19
1.837	0.178
1.837	0.178
1.849	0.168
1.862	0.155
1.875	0.143
1.875	0.143
1.886	0.129
1.898	0.116
1.908	0.102
1.919	0.091
1.919	0.091
1.93	0.077
1.943	0.069
1.957	0.059
1.957	0.059
1.97	0.049
1.982	0.041
1.992	0.026
2.0	0.01
2.0	0.01
2.011	-0.003
2.023	-0.017
2.036	-0.027
2.036	-0.027
2.05	-0.031
2.061	-0.04
2.072	-0.05
2.083	-0.063
2.083	-0.063
2.094	-0.082
2.105	-0.1
2.115	-0.119
2.125	-0.134
2.125	-0.134
2.135	-0.15
2.141	-0.171
2.149	-0.189
2.149	-0.189
2.158	-0.209
2.166	-0.225
2.178	-0.235
2.189	-0.246
2.189	-0.246
2.198	-0.257
2.209	-0.269
2.222	-0.28
2.222	-0.28
2.236	-0.292
2.25	-0.303
2.28	-0.321
2.295	-0.334
2.295	-0.334
2.307	-0.345
2.334	-0.364
2.368	-0.316
2.368	-0.316
2.388	-0.318
2.411	-0.345
2.42	-0.362
2.404	-0.44
2.415	-0.477
2.415	-0.477
2.426	-0.495
2.436	-0.511
2.452	-0.53
2.452	-0.53
2.469	-0.546
2.481	-0.56
2.492	-0.573
2.492	-0.573
2.497	-0.586
2.497	-0.6
2.498	-0.613
2.499	-0.628
2.499	-0.628
2.499	-0.641
2.492	-0.648
2.486	-0.657
2.486	-0.657
2.486	-0.657
2.484	-0.68
2.524	-0.704
2.558	-0.724
2.558	-0.724
2.571	-0.741
2.583	-0.761
2.566	-0.832
2.566	-0.832
2.555	-0.845
2.565	-0.848
2.575	-0.85
2.585	-0.792
2.585	-0.792
2.594	-0.824
2.603	-0.842
2.603	-0.842
2.603	-0.842
2.619	-0.894
2.625	-0.884
2.629	-0.909
2.633	-0.94
2.633	-0.94
2.637	-0.972
2.639	-0.994
2.643	-0.97
2.646	-0.924
2.646	-0.924
2.649	-0.877
2.653	-0.841
2.655	-0.842
2.655	-0.842
2.658	-0.842
2.662	-0.842
2.664	-0.843
2.666	-0.845
2.666	-0.845
2.668	-0.844
2.667	-0.847
