0.485	1.475
0.484	1.472
0.483	1.471
0.483	1.471
0.482	1.469
0.481	1.467
0.482	1.468
0.482	1.468
0.482	1.468
0.482	1.468
0.482	1.467
0.482	1.466
0.482	1.466
0.482	1.466
0.482	1.465
0.481	1.464
0.481	1.464
0.481	1.463
0.48	1.462
0.48	1.462
0.481	1.463
0.481	1.463
0.479	1.462
0.479	1.461
0.48	1.463
0.48	1.463
0.479	1.463
0.479	1.463
0.48	1.465
0.484	1.465
0.484	1.465
0.492	1.464
0.501	1.457
0.513	1.445
0.524	1.431
0.524	1.431
0.535	1.418
0.55	1.408
0.565	1.398
0.565	1.398
0.579	1.39
0.592	1.378
0.604	1.369
0.617	1.357
0.617	1.357
0.629	1.343
0.643	1.333
0.656	1.32
0.656	1.32
0.668	1.308
0.68	1.297
0.692	1.285
0.705	1.275
0.705	1.275
0.72	1.268
0.735	1.257
0.749	1.245
0.749	1.245
0.763	1.232
0.774	1.215
0.787	1.202
0.801	1.189
0.801	1.189
0.814	1.175
0.828	1.166
0.842	1.159
0.855	1.152
0.855	1.152
0.868	1.143
0.88	1.133
0.892	1.121
0.892	1.121
0.907	1.111
0.922	1.102
0.935	1.089
0.951	1.078
0.951	1.078
0.965	1.065
0.979	1.054
0.993	1.042
0.993	1.042
1.006	1.033
1.02	1.017
1.033	1.008
1.046	0.993
1.046	0.993
1.059	0.979
1.072	0.972
1.087	0.964
1.087	0.964
1.102	0.96
1.116	0.955
1.132	0.951
1.145	0.939
1.145	0.939
1.158	0.929
1.171	0.917
1.182	0.904
1.182	0.904
1.196	0.895
1.208	0.884
1.22	0.874
1.229	0.859
1.229	0.859
1.242	0.847
1.253	0.833
1.267	0.82
1.281	0.806
1.281	0.806
1.289	0.785
1.31	0.782
1.316	0.76
1.316	0.76
1.339	0.764
1.356	0.76
1.38	0.739
1.38	0.739
1.38	0.739
1.383	0.715
1.394	0.7
1.409	0.693
1.409	0.693
1.422	0.68
1.439	0.672
1.452	0.66
1.459	0.647
1.459	0.647
1.467	0.633
1.472	0.619
1.481	0.608
1.481	0.608
1.492	0.592
1.504	0.581
1.515	0.571
1.527	0.56
1.527	0.56
1.538	0.548
1.549	0.538
1.56	0.523
1.572	0.512
1.572	0.512
1.586	0.504
1.597	0.489
1.61	0.477
1.61	0.477
1.623	0.462
1.636	0.448
1.649	0.434
1.649	0.434
1.649	0.434
1.649	0.434
1.661	0.421
1.677	0.403
1.677	0.403
1.692	0.385
1.709	0.37
1.727	0.354
1.739	0.341
1.739	0.341
1.751	0.328
1.763	0.314
1.775	0.3
1.775	0.3
1.788	0.286
1.801	0.274
1.813	0.262
1.825	0.25
1.825	0.25
1.836	0.239
1.848	0.229
1.86	0.216
1.872	0.205
1.872	0.205
1.884	0.192
1.896	0.179
1.908	0.172
1.908	0.172
1.921	0.156
1.936	0.151
1.95	0.145
1.964	0.135
1.964	0.135
1.978	0.134
1.989	0.12
2.001	0.112
2.001	0.112
2.013	0.105
2.025	0.097
2.037	0.092
2.05	0.083
2.05	0.083
2.061	0.07
2.072	0.057
2.082	0.041
2.082	0.041
2.094	0.025
2.107	0.012
2.12	-0.005
2.136	-0.017
2.136	-0.017
2.149	-0.03
2.159	-0.046
2.169	-0.057
2.175	-0.075
2.175	-0.075
2.182	-0.093
2.19	-0.109
2.198	-0.128
2.198	-0.128
2.209	-0.142
2.22	-0.156
2.23	-0.174
2.241	-0.189
2.253	-0.204
2.253	-0.204
2.266	-0.217
2.279	-0.228
2.279	-0.228
2.291	-0.238
2.302	-0.248
2.312	-0.259
2.322	-0.267
2.322	-0.267
2.332	-0.277
2.377	-0.242
2.407	-0.227
2.407	-0.227
2.45	-0.196
2.497	-0.16
2.51	-0.172
2.54	-0.16
2.54	-0.16
2.564	-0.158
2.579	-0.164
2.595	-0.166
2.617	-0.164
2.617	-0.164
2.627	-0.174
2.641	-0.18
2.656	-0.186
2.656	-0.186
2.661	-0.203
2.668	-0.217
2.661	-0.252
2.647	-0.297
2.647	-0.297
2.61	-0.375
2.578	-0.452
2.56	-0.509
2.56	-0.509
2.549	-0.561
2.561	-0.576
2.572	-0.589
2.581	-0.603
2.581	-0.603
2.588	-0.616
2.594	-0.628
2.601	-0.639
2.601	-0.639
2.612	-0.649
2.623	-0.66
2.635	-0.671
2.646	-0.684
2.646	-0.684
2.658	-0.702
2.67	-0.716
2.683	-0.732
2.696	-0.748
2.696	-0.748
2.706	-0.757
2.717	-0.867
2.726	-0.942
2.726	-0.942
2.735	-0.93
2.743	-0.931
2.753	-0.798
2.763	-0.697
2.763	-0.697
2.773	-0.68
2.784	-0.696
2.793	-0.783
2.793	-0.783
2.804	-0.826
2.816	-0.879
2.828	-0.92
2.839	-0.883
2.839	-0.883
2.85	-0.941
2.858	-0.991
2.865	-0.953
2.865	-0.953
2.87	-0.961
2.873	-1.004
2.875	-1.026
2.879	-1.107
2.879	-1.107
2.883	-1.186
2.887	-1.18
2.893	-1.194
2.893	-1.194
2.897	-1.204
2.902	-1.207
2.908	-1.207
2.914	-1.145
2.914	-1.145
2.919	-1.082
2.901	-1.083
2.907	-1.022
2.913	-1.024
2.913	-1.024
2.947	-0.963
2.947	-0.963
2.95	-0.963
2.95	-0.963
2.951	-0.963
2.952	-0.963
